rank,uri,artist_names,track_name,source,peak_rank,previous_rank,days_on_chart,streams
1,"spotify:track:7x9aauaA9cu6tyfpHnqDLo","Jung Kook, Latto","Seven (feat. Latto)","BIGHIT MUSIC",1,1,4,"12791048"
2,"spotify:track:7ABLbnD53cQK00mhcaOUVG","Myke Towers","LALA","WEA Latina",1,2,20,"5712751"
3,"spotify:track:3k79jB4aGmMDUQzEwa46Rz","Olivia Rodrigo","vampire","Olivia Rodrigo PS",1,4,18,"4783117"
4,"spotify:track:1BxfuPKGuaTgP7aM0Bbdwr","Taylor Swift","Cruel Summer","Taylor Swift",2,3,162,"4663618"
5,"spotify:track:2FDTHlrBguDzQkp7PVj16Q","Dave, Central Cee","Sprinter","Neighbourhood Records (UMG UK / UMUK)",4,7,46,"3731701"
6,"spotify:track:6XbtvPmIpyCbjuT0e8cQtp","Quevedo","Columbia","Rimas Entertainment LLC.",6,10,11,"3590453"
7,"spotify:track:7ro0hRteUMfnOioTFI5TG1","Bad Bunny","WHERE SHE GOES","Rimas Entertainment LLC",1,6,60,"3552201"
8,"spotify:track:4rXLjWdF2ZZpXCVTfWcshS","Gunna","fukumean","300 Entertainment",8,11,30,"3545925"
9,"spotify:track:3qQbCzHBycnDpGskqOWY0E","Eslabon Armado, Peso Pluma","Ella Baila Sola","DEL Records",1,5,123,"3536981"
10,"spotify:track:5sdQOyqq2IDhvmx2lHOpwd","NewJeans","Super Shy","ADOR",10,12,11,"3298658"
11,"spotify:track:1odExI7RdWc4BT515LTAwj","David Kushner","Daylight","Miserable Music Group",4,13,95,"3185992"
12,"spotify:track:2UW7JaomAMuX9pZrjVpHAU","Yng Lvcas, Peso Pluma","La Bebe - Remix","WM Mexico",2,8,122,"3141966"
13,"spotify:track:4DHcnVTT87F0zZhRPYmZ3B","Miley Cyrus","Flowers","Columbia",1,14,186,"3137450"
14,"spotify:track:6pD0ufEQq0xdHSsRbg9LBK","Grupo Frontera, Bad Bunny","un x100to","Rimas Entertainment LLC.",1,9,92,"3103262"
15,"spotify:track:4Dvkj6JhhA12EX05fT7y2e","Harry Styles","As It Was","Columbia",1,16,474,"3095680"
16,"spotify:track:1Qrg8KqiBpW07V7PNxwwwL","SZA","Kill Bill","Top Dawg Entertainment/RCA Records",1,17,221,"3003948"
17,"spotify:track:7FbrGaHYVDmfr7KoLIZnQ7","FIFTY FIFTY","Cupid - Twin Version","SME Korea Inc.",3,15,127,"2922509"
18,"spotify:track:6wf7Yu7cxBSPrRlWeSeK0Q","Billie Eilish","What Was I Made For? [From The Motion Picture ""Barbie""]","Darkroom/Interscope Records",9,18,5,"2797034"
19,"spotify:track:3Ua0m0YmEjrMi9XErKcNiR","Jimin","Like Crazy","BIGHIT MUSIC",1,19,115,"2577120"
20,"spotify:track:6XSqqQIy7Lm7SnwxS4NrGx","Feid, Young Miko","CLASSY 101","UMLE - Latino",6,20,109,"2510455"
21,"spotify:track:5kHMfzgLZP95O9NBy0ku4v","Taylor Swift","I Can See You (Taylor’s Version) (From The Vault)","Taylor Swift",4,25,11,"2432667"
22,"spotify:track:5XeFesFbtLpXzIVDNQP22n","Arctic Monkeys","I Wanna Be Yours","Domino Recording Co",18,22,376,"2418565"
23,"spotify:track:6WzRpISELf3YglGAh7TXcG","The Weeknd, Playboi Carti, Madonna","Popular (with Playboi Carti & Madonna) - From The Idol Vol. 1 (Music from the HBO Original Series)","XO / Republic Records",10,30,46,"2393462"
24,"spotify:track:7mXuWTczZNxG5EDcjFEuJR","Peso Pluma, Gabito Ballesteros, Junior H","LADY GAGA","Double P Records",6,21,25,"2321126"
25,"spotify:track:1s7oOCT8vauUh01PbJD6ps","Rema, Selena Gomez","Calm Down (with Selena Gomez)","Mavin Records / Jonzing World",8,29,326,"2300831"
26,"spotify:track:5AqiaZwhmC6dIbgWrD5SzV","Bizarrap, Peso Pluma","Peso Pluma: Bzrp Music Sessions, Vol. 55/66","DALE PLAY Records",1,23,47,"2270487"
27,"spotify:track:1UMm1Qs3u59Wvk53zBUE8r","Fuerza Regida","SABOR FRESA","Rancho Humilde/Street Mob Records",15,24,25,"2245103"
28,"spotify:track:4eMKD8MRroxCqugpsxCCNb","Tainy, Bad Bunny","MOJABI GHOST","NEON16, LLC",10,33,18,"2234039"
29,"spotify:track:3xIMkM5LgbVDkpO74O3Np3","Troye Sivan","Rush","EMI Recorded Music Australia Pty Ltd",23,40,5,"2228232"
30,"spotify:track:2dHHgzDwk4BJdRwy9uXhTO","Metro Boomin, The Weeknd, 21 Savage","Creepin' (with The Weeknd & 21 Savage)","Republic Records",1,37,228,"2180500"
31,"spotify:track:7K3BhSpAxZBznislvUMVtn","Morgan Wallen","Last Night","Morgan Wallen",10,31,168,"2177832"
32,"spotify:track:0V3wPSX9ygBnCm8psDIegu","Taylor Swift","Anti-Hero","Taylor Swift",1,35,270,"2175213"
33,"spotify:track:0ug5NqcwcFR2xrfTkc7k8e","Taylor Swift","Style","Taylor Swift",27,34,129,"2139944"
34,"spotify:track:1u8c2t2Cy7UBoG4ArRcF5g","Taylor Swift","Blank Space","Taylor Swift",25,36,599,"2115644"
35,"spotify:track:1vYXt7VSjH9JIM5oRRo7vA","Dua Lipa","Dance The Night - From Barbie The Album","Atlantic Records",15,45,53,"2111131"
36,"spotify:track:1Hs1uUl8o2VtDp1DABFq0O","LIT killah, Tiago PZK, Maria Becerra, Duki, Emilia, Rusherking, Big One, FMK","Los del Espacio","WEA Latina",16,41,46,"2096234"
37,"spotify:track:7KA4W4McWYRpgf0fWsJZWB","Tyler, The Creator, Kali Uchis","See You Again (feat. Kali Uchis)","Columbia",13,39,135,"2084275"
38,"spotify:track:0DWdj2oZMBFSzRsi2Cvfzf","KAROL G, Shakira","TQG","BICHOTA RECORDS / INTERSCOPE RECORDS / UNIVERSAL MUSIC LATINO",1,38,144,"2063176"
39,"spotify:track:7bPp2NmpmyhLJ7zWazAXMu","Peso Pluma, Grupo Frontera","TULUM","Double P Records",23,28,18,"2058919"
40,"spotify:track:1haJsMtoBhHfvuM7XWuT3W","Junior H, Peso Pluma","El Azul","WEA Latina",11,27,144,"2045131"
41,"spotify:track:4uUG5RXrOk84mYEfFvj3cK","David Guetta, Bebe Rexha","I'm Good (Blue)","Parlophone UK",1,48,326,"2036604"
42,"spotify:track:4JdSXF2p71cr8uCY3UiJM0","Yahritza Y Su Esencia, Grupo Frontera","Frágil","Lumbre Music/Columbia",26,26,92,"2021426"
43,"spotify:track:368eeEO3Y2uZUQ6S5oIjcu","Fuerza Regida","TQM","Rancho Humilde/Street Mob Records",8,32,60,"2019873"
44,"spotify:track:1daDRI9ahBonbWD8YcxOIB","Miley Cyrus","Angels Like You","RCA Records Label",19,42,127,"2019564"
45,"spotify:track:0RiRZpuVRbi7oqRdSMwhQY","Post Malone, Swae Lee","Sunflower - Spider-Man: Into the Spider-Verse","Republic Records",1,43,1680,"2018152"
46,"spotify:track:4fYte8ZvTK14NEhAOZocBi","OneRepublic","I Ain't Worried","Mosley Music/Interscope Records",7,44,408,"2015406"
47,"spotify:track:2LBqCSwhJGcFQeTHMVGwy3","The Weeknd","Die For You","The Weeknd/Lyric",9,46,530,"1987324"
48,"spotify:track:7MXVkk9YMctZqd1Srtv4MB","The Weeknd, Daft Punk","Starboy","The Weeknd/Lyric",1,47,1016,"1949812"
49,"spotify:track:741UUVE2kuITl0c6zuqqbO","Nicki Minaj, Ice Spice, Aqua","Barbie World (with Aqua) [From Barbie The Album]","Atlantic Records",28,52,25,"1941320"
50,"spotify:track:4W4fNrZYkobj539TOWsLO2","The Weeknd, Ariana Grande","Die For You (with Ariana Grande) - Remix","XO / Republic Records",1,49,144,"1920821"
51,"spotify:track:4PA1wK0leCjmRZlP5dQ8Lv","Sky Rompiendo, Feid, Myke Towers","El Cielo","Sony Music Latin",15,54,46,"1790824"
52,"spotify:track:3BKD1PwArikchz2Zrlp1qi","David Guetta, Anne-Marie, Coi Leray","Baby Don't Hurt Me","Parlophone UK",44,60,100,"1787163"
53,"spotify:track:4R2kfaDFhslZEMJqAFNpdd","Taylor Swift","cardigan","Taylor Swift",1,55,225,"1782936"
54,"spotify:track:7jtQIBanIiJOMS6RyCx6jZ","Tom Odell","Another Love","ITNO/Columbia",11,59,824,"1769385"
55,"spotify:track:0JmnkIqdlnUzPaf8sqBRs3","Kali Uchis","Moonlight","Geffen Records",34,56,127,"1766838"
56,"spotify:track:23RoR84KodL5HWvUTneQ1w","Peggy Gou","(It Goes Like) Nanana - Edit","XL Recordings",56,62,27,"1765495"
57,"spotify:track:0VjIjW4GlUZAMYd2vXMi3b","The Weeknd","Blinding Lights","Republic Records",1,57,1327,"1759328"
58,"spotify:track:7EpOXgSRgnglRWr86pZfGU","KAROL G","S91","Bichota/Interscope Records",51,66,4,"1721855"
59,"spotify:track:6AQbmUe0Qwf5PZnt4HmTXv","PinkPantheress, Ice Spice","Boy's a liar Pt. 2","Warner Records",3,58,163,"1721040"
60,"spotify:track:505v13epFXodT9fVAJ6h8k","KAROL G","AMARGURA","BICHOTA RECORDS / INTERSCOPE RECORDS / UNIVERSAL MUSIC LATINO",50,53,60,"1718953"
61,"spotify:track:3tt9i3Hhzq84dPS8H7iSiJ","Manuel Turizo","La Bachata","Sony Music Latin/La Industria",3,61,381,"1674473"
62,"spotify:track:3t0ic4mkhvhamrKDkulB8v","Post Malone","Overdrive","Mercury Records/Republic Records",26,111,4,"1673216"
63,"spotify:track:3sW3oSbzsfecv9XoUdGs7h","Taylor Swift","Enchanted (Taylor's Version)","Taylor Swift",3,64,11,"1653640"
64,"spotify:track:7KokYm8cMIXCsGVmUvKtqf","Taylor Swift","Karma","Taylor Swift",8,71,144,"1650545"
65,"spotify:track:3AJwUDP919kvQ9QcozQPxg","Coldplay","Yellow","Parlophone UK",46,63,930,"1650306"
66,"spotify:track:609E1JCInJncactoMmkDon","ROSALÍA, Rauw Alejandro","BESO","Columbia Records/Duars Entertainment/Sony Music Latin",4,65,116,"1650277"
67,"spotify:track:26b3oVLrRUaaybJulow9kz","Libianca","People","5K Records Limited",34,67,188,"1641413"
68,"spotify:track:5odlY52u43F5BjByhxg7wg","JVKE","golden hour","JVKE",11,68,329,"1627587"
69,"spotify:track:2QjOHCTQ1Jl3zawyYOpxh6","The Neighbourhood","Sweater Weather","Columbia",19,72,1057,"1627369"
70,"spotify:track:5Odq8ohlgIbQKMZivbWkEo","Charlie Puth, Jung Kook, BTS","Left and Right (Feat. Jung Kook of BTS)","Atlantic Records",3,50,346,"1625972"
71,"spotify:track:21N77gfWYoQDvrLvaeiQgi","Rauw Alejandro, Bizarrap","BABY HELLO","Sony Music Latin/Duars Entertainment",48,81,25,"1614365"
72,"spotify:track:0fABszUFNbNq9IW503Gj8v","DENNIS, MC Kevin o Chris","Tá OK","Sony Music Entertainment",25,51,48,"1597314"
73,"spotify:track:1zsPaEkglFvxjAhrM8yhpr","Ozuna, Feid","Hey Mor","Aura Music Corp.",11,74,277,"1589831"
74,"spotify:track:3USxtqRwSYz57Ewm6wWRMp","Glass Animals","Heat Waves","Polydor Records",1,70,940,"1587581"
75,"spotify:track:0dS2u2UFd88TIzDDaZDLvS","d4vd","Here With Me","Darkroom/Interscope Records",13,69,264,"1585983"
76,"spotify:track:1mea3bSkSGXuIRvnydlB5b","Coldplay","Viva La Vida","Parlophone UK",52,73,326,"1583033"
77,"spotify:track:0NZPBYD5qbEWRs3PrGiRkT","Sam Smith, Kim Petras","Unholy (feat. Kim Petras)","Capitol Records UK / EMI",1,82,299,"1566559"
78,"spotify:track:79uDOz0zuuWS7HWxzMmTa2","Taylor Swift","Back To December (Taylor's Version)","Taylor Swift",2,75,11,"1550924"
79,"spotify:track:3oNnzH6hmqIGIhJ1NcHlrh","Maria Becerra","CORAZÓN VACÍO","WEA Latina",76,91,23,"1544394"
80,"spotify:track:6njJR3OIp3oA0Kc4aC9Tzf","S3BZS, Mc Gw, Mc Menor Do Alvorada","MONTAGEM - PR FUNK","S3BZS",80,100,20,"1541445"
81,"spotify:track:7yq4Qj7cqayVTp3FF9CWbm","Vance Joy","Riptide","F-Stop Records/Atlantic",76,83,890,"1528430"
82,"spotify:track:2tTmW7RDtMQtBk7m2rYeSw","Bizarrap, Quevedo","Quevedo: Bzrp Music Sessions, Vol. 52/66","DALE PLAY Records",1,76,376,"1524916"
83,"spotify:track:1Y3LN4zO1Edc2EluIoSPJN","Stephen Sanchez, Em Beihold","Until I Found You (with Em Beihold) - Em Beihold Version","Republic Records",6,80,227,"1524448"
84,"spotify:track:7qEHsqek33rTcFNT9PFqLf","Lewis Capaldi","Someone You Loved","Vertigo Berlin",4,94,1641,"1497333"
85,"spotify:track:567e29TDzLwZwfDuEpGTwo","The Kid LAROI, Justin Bieber","STAY (with Justin Bieber)","Columbia",1,88,739,"1491456"
86,"spotify:track:1R0a2iXumgCiFb7HEZ7gUE","Taylor Swift","Don’t Blame Me","Taylor Swift",68,92,337,"1489991"
87,"spotify:track:4FAKtPVycI4DxoOHC01YqD","Yandel, Feid","Yandel 150","La Leyenda LLC",7,79,195,"1485265"
88,"spotify:track:6T7FXSuXykeGktMLGp8WgE","Lil Durk, J. Cole","All My Life (feat. J. Cole)","Alamo",14,107,67,"1463190"
89,"spotify:track:6rdkCkjk6D12xRpdMXy0I2","NewJeans","New Jeans","ADOR",85,108,11,"1457180"
90,"spotify:track:73RbfOTJIjHzi2pcVHjeHM","Doechii","What It Is (Solo Version)","Top Dawg Entertainment/Capitol Records",90,99,41,"1455423"
91,"spotify:track:1FEiijYPJtyswChfcpv3p0","Lana Del Rey","Summertime Sadness","Polydor Records",78,90,338,"1454946"
92,"spotify:track:6GGtHZgBycCgGBUhZo81xe","Lana Del Rey","Say Yes To Heaven","Polydor Records",7,97,60,"1454472"
93,"spotify:track:4iZ4pt7kvcaH6Yo8UoZ4s2","SZA","Snooze","Top Dawg Entertainment/RCA Records",25,96,211,"1452547"
94,"spotify:track:1dGr1c8CrMLDpV6mPbImSI","Taylor Swift","Lover","Taylor Swift",2,98,173,"1445220"
95,"spotify:track:5JdLUE9D743ob2RtgmVpVx","Jain","Makeba","Columbia",53,85,42,"1442722"
96,"spotify:track:1Lo0QY9cvc8sUB2vnIOxDT","Luke Combs","Fast Car","River House Artists/Columbia Nashville",80,95,104,"1437068"
97,"spotify:track:2Hh3ETdQKrmSI3QS0hme7g","Metro Boomin, Future, Don Toliver","Too Many Nights (feat. Don Toliver & with Future)","Republic Records",26,103,147,"1428656"
98,"spotify:track:2uhw2oYbugGJbn10wipNX5","Mc Livinho, DJ Matt D","Novidade na Área","MBB Diamond",69,93,18,"1418704"
99,"spotify:track:51FvjPEGKq2zByeeEQ43V9","Marshmello, Manuel Turizo","El Merengue","Sony Music Latin",43,104,136,"1412933"
100,"spotify:track:0PB0O24JqAuNdOAFVJljMS","Eladio Carrion, Bad Bunny","Coco Chanel","Rimas Entertainment LLC",9,101,123,"1409986"
101,"spotify:track:6Sq7ltF9Qa7SNFBsV5Cogx","Bad Bunny, Chencho Corleone","Me Porto Bonito","Rimas Entertainment LLC",2,89,438,"1407295"
102,"spotify:track:5IAESfJjmOYu7cHyX557kz","BTS","Take Two","BIGHIT MUSIC",1,86,39,"1396771"
103,"spotify:track:5w40ZYhbBMAlHYNDaVJIUu","Post Malone","Chemical","Mercury Records/Republic Records",17,131,95,"1381740"
104,"spotify:track:0eFMbKCRw8KByXyWBw8WO7","Jung Kook","Still With You","BIGHIT MUSIC",15,78,15,"1377609"
105,"spotify:track:561jH07mF1jHuk7KlaeF0s","Eminem","Mockingbird","Eminem Catalog PS",20,110,276,"1376793"
106,"spotify:track:68Dni7IE4VyPkTOH9mRWHr","J. Cole","No Role Modelz","Roc Nation Records LLC",69,124,739,"1374287"
107,"spotify:track:54ipXppHLA8U4yqpOFTUhr","Imagine Dragons","Bones","Kid Ina Korner / Interscope",27,112,494,"1373472"
108,"spotify:track:2HbKqm4o0w5wEeEFXm2sD4","Kendrick Lamar, Jay Rock","Money Trees","Aftermath",55,120,208,"1371851"
109,"spotify:track:2eAvDnpXP5W0cVtiI0PUxV","Ruth B.","Dandelions","Columbia",32,106,699,"1370763"
110,"spotify:track:7j4OmvkjRz0PrjFADlHfQx","Adele","Set Fire to the Rain","XL Recordings",46,113,216,"1369887"
111,"spotify:track:3hUxzQpSfdDqwM3ZTFQY0K","Taylor Swift","august","Taylor Swift",9,117,159,"1365843"
112,"spotify:track:7G0gBu6nLdhFDPRLc0HdDG","Taylor Swift","Mine (Taylor's Version)","Taylor Swift",1,115,11,"1356496"
113,"spotify:track:1DmW5Ep6ywYwxc2HMT5BG6","Loreen","Tattoo","Universal Music AB",5,134,70,"1344285"
114,"spotify:track:3HOKxuTDmNVmIlCIpBiD8m","Peso Pluma, Jasiel Nuñez","LAGUNAS","Double P Records",114,119,22,"1334776"
115,"spotify:track:6dgUya35uo964z7GZXM07g","Sabrina Carpenter","Nonsense","Island Records",12,136,187,"1330451"
116,"spotify:track:7MVIfkyzuUmQ716j8U7yGR","Milo j, Taiu","Rara Vez","Universal Music Argentina S.A.",36,128,137,"1319555"
117,"spotify:track:4RvWPyQ5RL0ao9LPZeSouE","Tears For Fears","Everybody Wants To Rule The World","UMC (Universal Music Catalogue)",95,109,305,"1316486"
118,"spotify:track:26cvTWJq2E1QqN4jyH2OTU","Anggi Marito","Tak Segampang Itu","PT. Universal Music Indonesia",56,84,79,"1315229"
119,"spotify:track:25OeKzcqakFPaJlXHPE5lm","Carín León","Primera Cita","Socios Music, LLC",97,105,21,"1313355"
120,"spotify:track:0PZ04XgQ14FmKZBg3Gxlhr","Lana Del Rey","Radio","Polydor Records",120,132,22,"1311085"
121,"spotify:track:2VzCjpKvPB1l1tqLndtAQa","Peso Pluma","Por Las Noches","Worms Music",22,102,142,"1306204"
122,"spotify:track:4uOBL4DDWWVx4RhYKlPbPC","i-dle","Queencard","Cube Entertainment",91,116,63,"1305244"
123,"spotify:track:5eTaQYBE1yrActixMAeLcZ","Calvin Harris, Ellie Goulding","Miracle (with Ellie Goulding)","Columbia",56,151,130,"1300291"
124,"spotify:track:5rurggqwwudn9clMdcchxT","Metro Boomin, Swae Lee, NAV, A Boogie Wit da Hoodie","Calling (Spider-Man: Across the Spider-Verse) (Metro Boomin & Swae Lee, NAV, feat. A Boogie Wit da Hoodie)","Republic Records",13,137,46,"1298894"
125,"spotify:track:1MB8kTH7VKvAMfL9SHgJmG","Sebastian Yatra, Manuel Turizo, Beéle","Vagabundo","UMLE - Latino",105,142,58,"1297780"
126,"spotify:track:6JIC3hbC28JZKZ8AlAqX8h","Elton John, Dua Lipa, PNAU","Cold Heart - PNAU Remix","EMI",2,123,704,"1297487"
127,"spotify:track:65FftemJ1DbbZ45DUfHJXE","NewJeans","OMG","ADOR",11,122,197,"1296473"
128,"spotify:track:58ge6dfP91o9oXMzq3XkIS","Arctic Monkeys","505","Domino Recording Co",40,126,570,"1295774"
129,"spotify:track:0u2P5u6lvoDfwTYjAADbn4","Billie Eilish, Khalid","lovely (with Khalid)","Darkroom",19,125,1907,"1295140"
130,"spotify:track:3RA55zrRkyPK8Fd86hrMy8","Peso Pluma, Junior H","LUNA","Double P Records",16,118,25,"1287761"
131,"spotify:track:1xK59OXxi2TAAAbmZK0kBL","d4vd","Romantic Homicide","Darkroom/Interscope Records",17,127,317,"1282834"
132,"spotify:track:46hzNOUOAlivuCZZ0wE3zi","Sachin-Jigar, Varun Jain, Shadab Faridi, Altamash Faridi, Amitabh Bhattacharya","Tere Vaaste (From ""Zara Hatke Zara Bachke"")","Saregama",69,77,44,"1279381"
133,"spotify:track:6UelLqGlWMcVH1E5c4H7lY","Harry Styles","Watermelon Sugar","Columbia",4,155,1335,"1277085"
134,"spotify:track:22skzmqfdWrjJylampe0kt","Macklemore, Ryan Lewis, Macklemore & Ryan Lewis, Ray Dalton","Can't Hold Us (feat. Ray Dalton)","Macklemore",57,150,510,"1276168"
135,"spotify:track:5wG3HvLhF6Y5KTGlK0IW3J","Metro Boomin, Travis Scott, Young Thug","Trance (with Travis Scott & Young Thug)","Republic Records",42,143,143,"1271243"
136,"spotify:track:50x1Ic8CaXkYNvjmxe3WXy","New West","Those Eyes","Republic Records",75,138,206,"1262663"
137,"spotify:track:6Um358vY92UBv5DloTRX9L","Carín León, Grupo Frontera","Que Vuelvas","BorderKid Records/Sony Music Latin",30,87,203,"1251731"
138,"spotify:track:5gDWsRxpJ2lZAffh5p7K0w","The Weeknd, Lana Del Rey","Stargirl Interlude","The Weeknd/Lyric",100,139,331,"1246052"
139,"spotify:track:0ll8uFnc0nANY35E0Lfxvg","Keane","Somewhere Only We Know","Universal-Island Records Ltd.",114,152,252,"1241611"
140,"spotify:track:0pqnGHJpmpxLKifKRmU6WP","Imagine Dragons","Believer","Kid Ina Korner / Interscope",15,154,2350,"1241397"
141,"spotify:track:7lQ8MOhq6IN2w8EYcFNSUk","Eminem","Without Me","Eminem Catalog PS",29,167,656,"1237642"
142,"spotify:track:6I3mqTwhRpn34SLVafSH7G","Justin Bieber","Ghost","RBMG/Def Jam",10,166,664,"1235350"
143,"spotify:track:0tgVpDi06FyKpA1z0VMD4v","Ed Sheeran","Perfect","Atlantic Records UK",3,129,2303,"1231905"
144,"spotify:track:2NFadq6pUeiVEihLvUlOSr","Bizarrap, Rauw Alejandro","Rauw Alejandro: Bzrp Music Sessions, Vol. 56/66","DALE PLAY Records",4,147,26,"1229068"
145,"spotify:track:4nrPB8O7Y7wsOCJdgXkthe","Bizarrap, Shakira","Shakira: Bzrp Music Sessions, Vol. 53/66","DALE PLAY Records",1,135,187,"1225405"
146,"spotify:track:2CeKVsFFXG4QzA415QygGb","Feid","Feliz Cumpleaños Ferxxo","UMLE - Latino",27,141,332,"1221255"
147,"spotify:track:5g7sDjBhZ4I3gcFIpkrLuI","Bruno Mars","Locked out of Heaven","Atlantic Records",102,163,395,"1217684"
148,"spotify:track:4hKLzFvNwHF6dPosGT30ed","Veigh, Bvga Beatz, Prod Malax, Supernova Ent","Novo Balanço","Supernova Entertainment Under Exclusive License to UnitedMasters",103,182,54,"1217370"
149,"spotify:track:2tpWsVSb9UEmDRxAl1zhX1","OneRepublic","Counting Stars","Mosley / Interscope",101,171,825,"1216112"
150,"spotify:track:3F5CgOj3wFlRv51JsHbxhe","Drake, 21 Savage","Jimmy Cooks (feat. 21 Savage)","OVO",4,175,386,"1208388"
151,"spotify:track:3kf0WdFOalKWBkCCLJo4mA","Chino Pacas","El Gordo Trae El Mando","Street Mob Records/PFL/Geffen Records",21,130,156,"1204563"
152,"spotify:track:3hRV0jL3vUpRrcy398teAU","Lord Huron","The Night We Met","Lord Huron",51,170,350,"1196762"
153,"spotify:track:5IgjP7X4th6nMNDh4akUHb","Chris Brown","Under The Influence","Chris Brown Entertainment/RCA Records",6,160,360,"1195385"
154,"spotify:track:3k3NWokhRRkEPhCzPmV8TW","Bad Bunny, Bomba Estéreo","Ojitos Lindos","Rimas Entertainment LLC",2,161,438,"1186163"
155,"spotify:track:7ovUcF5uHTBRzUpB6ZOmvt","YOASOBI","アイドル","YOASOBI",78,156,91,"1184357"
156,"spotify:track:6f8wbdo8KU5ETWJA7lapgS","Peso Pluma","BYE","Double P Records",32,145,53,"1184346"
157,"spotify:track:3sqrvkNC6IPTIXvvbx9Arw","Taylor Swift","Enchanted","Taylor Swift",41,144,193,"1183977"
158,"spotify:track:1oWkcc7hQdVYPQMyQ6AFov","Natanael Cano","Mi Bello Angel","WEA Latina",19,148,17,"1182190"
159,"spotify:track:5QO79kh1waicV47BqGRL3g","The Weeknd","Save Your Tears","Republic Records",2,168,948,"1180408"
160,"spotify:track:1zi7xx7UVEFkmKfv06H8x0","Drake, Wizkid, Kyla","One Dance","Cash Money Records/Young Money Ent./Universal Rec.",5,164,1035,"1175178"
161,"spotify:track:6Ec5LeRzkisa5KJtwLfOoW","Metro Boomin, A$AP Rocky, Roisee","Am I Dreaming (Metro Boomin & A$AP Rocky, Roisee)","Republic Records",20,180,46,"1173105"
162,"spotify:track:2a1o6ZejUi8U3wzzOtCOYw","Don Omar, Lucenzo","Danza Kuduro","UMLE - Machete",92,149,79,"1171108"
163,"spotify:track:0JXXNGljqupsJaZsgSbMZV","Miguel","Sure Thing","Jive",14,176,216,"1170420"
164,"spotify:track:5qaEfEh1AtSdrdrByCP7qR","Imagine Dragons","Demons","Kid Ina Korner / Interscope",129,192,235,"1165518"
165,"spotify:track:2qxmye6gAegTMjLKEBoR3d","Alec Benjamin","Let Me Down Slowly","2018",21,158,540,"1152590"
166,"spotify:track:0B7wvvmu9EISAwZnOpjhNI","Bruno Mars","When I Was Your Man","Atlantic Records",68,183,307,"1152570"
167,"spotify:track:228BxWXUYQPJrJYHDLOHkj","Daddy Yankee","Gasolina","Craft Latino",139,153,25,"1151624"
168,"spotify:track:5FVd6KXrgO9B3JPmC8OPst","Arctic Monkeys","Do I Wanna Know?","Domino Recording Co",91,181,656,"1145458"
169,"spotify:track:37F0uwRSrdzkBiuj0D5UHI","The Weeknd","Reminder","The Weeknd/Lyric",59,177,205,"1141618"
170,"spotify:track:3AVrVz5rK8Hrqo9YGiVGN5","Cigarettes After Sex","Apocalypse","Partisan Records",81,169,356,"1137637"
171,"spotify:track:0U9CZWq6umZsN432nh3WWT","Mc Pedrinho, DJ 900","Gol Bolinha, Gol Quadrado 2","GR6 Music",96,133,19,"1135932"
172,"spotify:track:6zJejIfVYLgjud3lTk4DLB","Rosa Linn","SNAP","Nvak Collective",15,200,369,"1132200"
173,"spotify:track:2hn2zOA2XFlv6DSmesylrL","Ryan Castro, Peso Pluma, SOG","QUEMA","Sony Music Latin",127,172,4,"1129415"
174,"spotify:track:1JSTJqkT5qHq8MDJnJbRE1","The Police","Every Breath You Take","Polydor Records",96,174,660,"1127766"
175,"spotify:track:70LcF31zb1H0PyJoS1Sx1r","Radiohead","Creep","XL Recordings",147,189,45,"1126202"
176,"spotify:track:0cNSq9T5l8gZnpY14rsTR2","Peso Pluma, Natanael Cano","PRC","Double P Records",8,140,174,"1125306"
177,"spotify:track:3xKsf9qdS1CyvXSMEid6g8","Frank Ocean","Pink + White","Boys Don't Cry",95,197,55,"1124207"
178,"spotify:track:5O2P9iiztwhomNh8xkR9lJ","One Direction","Night Changes","Syco Music",86,178,407,"1122422"
179,"spotify:track:0cqRj7pUJDkTCEsJkx8snD","Taylor Swift","Shake It Off","Taylor Swift",124,188,75,"1120634"
180,"spotify:track:1zv3WFUbZ5vPxFq9I2jAU1","Rihanna, Calvin Harris","We Found Love","Def Jam Recordings",18,-1,151,"1119617"
181,"spotify:track:086myS9r57YsLbJpU0TgK9","Arctic Monkeys","Why'd You Only Call Me When You're High?","Domino Recording Co",100,190,555,"1118632"
182,"spotify:track:4eBvRhTJ2AcxCsbfTUjoRp","Shubh","Cheques","SHUBH",165,165,2,"1118406"
183,"spotify:track:3dYD57lRAUcMHufyqn9GcI","Hozier","Take Me To Church","Universal-Island Records Ltd.",91,-1,698,"1118058"
184,"spotify:track:7qiZfU4dY1lWllzX7mPBI3","Ed Sheeran","Shape of You","Atlantic Records UK",1,179,2258,"1112300"
185,"spotify:track:3tiJUOfAEqIrLFRQgGgdoY","Big One, FMK, Ke Personajes","Un Finde | CROSSOVER #2","Fifty One",64,121,94,"1106266"
186,"spotify:track:3r8RuvgbX9s7ammBn07D3W","NewJeans","Ditto","ADOR",9,184,160,"1103510"
187,"spotify:track:0otRX6Z89qKkHkQ9OqJpKt","James Arthur","Car's Outside","Columbia Local",163,173,21,"1101620"
188,"spotify:track:7BqBn9nzAq8spo5e7cZ0dJ","Bruno Mars","Just the Way You Are","Elektra (NEK)",115,-1,217,"1095225"
189,"spotify:track:3hxIUxnT27p5WcmjGUXNwx","Hotel Ugly","Shut up My Moms Calling","Hotel Ugly, under exclusive license to Amuseio AB",65,199,206,"1094316"
190,"spotify:track:21jGcNKet2qwijlDFuPiPb","Post Malone","Circles","Republic Records",1,-1,1146,"1089561"
191,"spotify:track:0NwGC0v03ysCYINtg6ns58","Taylor Swift","Better Than Revenge (Taylor's Version)","Taylor Swift",5,195,11,"1088739"
192,"spotify:track:1qrpoAMXodY6895hGKoUpA","Taylor Swift","You Belong With Me (Taylor’s Version)","Taylor Swift",16,185,16,"1085894"
193,"spotify:track:4uqJelb9THHmJ3OCohg4ZJ","AgroPlay, Ana Castela","Nosso Quadro","AgroPlay",31,114,150,"1084079"
194,"spotify:track:6TBzRwnX2oYd8aOrOuyK1p","Oscar Maydon, Junior H","Fin de Semana","Rancho Humilde",39,159,182,"1083023"
195,"spotify:track:7mpdNiaQvygj2rHoxkzMfa","ENHYPEN","Bite Me","BELIFT LAB",35,186,27,"1074703"
196,"spotify:track:0vjeOZ3Ft5jvAi9SBFJm1j","Metro Boomin, Future, Chris Brown","Superhero (Heroes & Villains) [with Future & Chris Brown]","Republic Records",9,-1,213,"1074571"
197,"spotify:track:3MytWN8L7shNYzGl4tAKRp","Taylor Swift","Sparks Fly (Taylor’s Version)","Taylor Swift",4,-1,10,"1068370"
198,"spotify:track:3WMj8moIAXJhHsyLaqIIHI","Zach Bryan","Something in the Orange","Warner Records",53,-1,216,"1066696"
199,"spotify:track:3p7XQpdt8Dr6oMXSvRZ9bg","Ed Sheeran","Eyes Closed","Atlantic Records UK",18,-1,113,"1065965"
200,"spotify:track:3azJifCSqg9fRij2yKIbWz","Tory Lanez","The Color Violet","One Umbrella Records",60,-1,179,"1063812"
